       0.817853
       0.823961
       0.832391
       0.834942
       0.837694
       0.835537
        0.84228
       0.838635
       0.845147
       0.847414
       0.840186
       0.842213
        0.83766
       0.836493
       0.844177
       0.844273
        0.84557
       0.845992
       0.844936
       0.839312
       0.841209
       0.841584
       0.841584
       0.848096
       0.845469
       0.842539
       0.845959
       0.850368
       0.846478
       0.837468
       0.844307
       0.844095
       0.839913
       0.840028
       0.840609
       0.848586
       0.851924
       0.841565
       0.850757
       0.849201
       0.848552
       0.839216
       0.840998
        0.83972
       0.839024
       0.836945
        0.84108
       0.847918
       0.846929
       0.835715
       0.842424
       0.834985
       0.834678
       0.844436
       0.846756
       0.841973
       0.850742
       0.846252
       0.843726
       0.845767
       0.847918
       0.845243
        0.83962
       0.847318
        0.84181
       0.843625
       0.842021
       0.846934
       0.849522
       0.850723
       0.842799
       0.842391
       0.837579
        0.84168
       0.846348
       0.848797
       0.848634
       0.844158
       0.839086
       0.843932
       0.846266
       0.848648
       0.850334
       0.845719
       0.845637
        0.84544
       0.844062
       0.845229
       0.839524
       0.828728
       0.836834
        0.83925
       0.850853
       0.847289
       0.838179
       0.845973
       0.840494
       0.839735
       0.834764
       0.835571
       0.832521