    -0.00730494
      0.0144031
     0.00741103
    -0.00518672
       0.019802
      0.0670039
      0.0707217
      0.0608424
       0.042231
      0.0439357
      0.0794475
      0.0950712
      0.0372311
      0.0395751
     0.00863063
      0.0289559
      0.0114208
      0.0548532
      0.0318476
       0.044604
       0.078694
      0.0916953
      0.0843042
      0.0957775
       0.107252
       0.073627
      0.0750243
       0.079851
      0.0728109
      0.0516886
      0.0369917
      0.0819303
      0.0776086
      0.0796497
      0.0816238
       0.114931
       0.103111
       0.157056
       0.188236
       0.221034
       0.210742
       0.243205
       0.281722
       0.296198
       0.333448
       0.352362
       0.329727
       0.330664
         0.3417
       0.346809
       0.347641
       0.333621
       0.351113
       0.353903
       0.356607
       0.355657
       0.346551
       0.356353
       0.358783
       0.378537
        0.39503
       0.379488
       0.359729
       0.369527
       0.369023
       0.406048
       0.385434
       0.346339
       0.362736
        0.36848
       0.381544
       0.362818
       0.375536
       0.366555
       0.379133
       0.379301
       0.401586
       0.386332
       0.395506
       0.386198
       0.404151
       0.410639
       0.410331
       0.403344
       0.410846
       0.417963
       0.414985
       0.396918
       0.409721
       0.410384
       0.387744
       0.399266
       0.393536
       0.381639
       0.376342
       0.372126
       0.381078
       0.378623
       0.394439
       0.387812
       0.392152