     -0.0212238
     -0.0250468
    -0.00795781
     -0.0024111
      0.0017818
    -0.00995633
    -0.00135471
      0.0101286
     -0.0153162
     -0.0308973
      -0.010874
     -0.0212093
    -0.00785262
      0.0194375
      0.0164978
    -0.00087866
    -0.00105639
      0.0384325
      0.0422981
   -0.000355454
    -0.00482673
     -0.0122477
      -0.015863
      0.0194085
     0.00747813
     0.00438514
     -0.0192879
     -0.0184147
     -0.0405072
     -0.0559631
     -0.0692609
     -0.0506159
     -0.0308964
     -0.0169539
    9.52108e-05
      0.0617827
   -4.80588e-05
     0.00449939
     -0.0196769
     -0.0506168
      -0.035617
    -0.00876483
    -0.00281371
     -0.0301564
     -0.0137367
     0.00124409
    -0.00702112
     -0.0160988
      0.0117817
       0.018966
    0.000273844
     -0.0199417
     -0.0445215
     -0.0242053
     -0.0265647
     -0.0504436
     -0.0298445
     -0.0285088
     -0.0512651
    -0.00215086
      -0.002665
     -0.0308438
     -0.0163345
     -0.0256806
    -0.00839578
    -0.00889994
     -0.0176938
      0.0348009
       0.059757
      0.0646509
      0.0627149
      0.0536663
      0.0301229
      0.0393692
      0.0526334
      0.0671381
      0.0551597
      0.0412898
     0.00781454
     -0.0360495
     -0.0203062
     0.00701658
    -0.00628663
     -0.0066031
      -0.025551
    -2.3576e-05
     0.00184437
    -0.00459641
     -0.0281352
      0.0163101
      0.0152927
      0.0332159
      0.0281153
      0.0312709
      0.0545748
      0.0462126
      0.0451462
      0.0661108
      0.0465545
      0.0109365
     0.00357811