       0.815182
       0.644006
       0.543233
        0.50034
       0.467345
       0.450262
       0.431118
       0.412358
        0.39953
       0.365099
       0.341595
       0.357698
       0.357813
       0.354509
         0.3457
       0.348712
       0.347794
       0.369695
       0.357098
        0.38126
       0.389094
       0.383076
        0.39284
       0.387413
       0.425945
       0.401821
       0.400121
       0.392456
       0.398997
       0.378071
       0.370647
       0.383403
        0.38832
       0.386423
       0.399074
       0.382105
       0.383138
       0.373883
       0.386068
       0.376919
       0.385568
       0.359748
       0.379968
       0.380247
       0.380478
         0.3847
       0.377822
       0.392947
       0.420279
       0.384656
       0.370415
       0.365685
       0.366713
       0.373307
       0.364306
       0.379728
        0.35132
        0.36837
       0.386073
       0.398329
       0.402792
        0.39881
        0.36836
       0.366228
       0.360906
       0.368139
       0.395496
       0.376289
       0.373052
       0.395401
       0.392662
       0.402522
        0.36618
       0.351186
       0.344086
       0.335106
       0.347665
       0.363394
       0.353471
       0.389118
       0.405015
       0.415528
        0.40476
       0.409045
       0.402355
       0.408698
       0.389084
       0.407354
       0.394617
       0.392658
       0.383403
       0.413583
       0.402599
       0.400837
       0.413069
       0.393752
       0.377096
       0.398032
       0.397614
        0.39661
       0.387816