    -0.00637822
      -0.322645
      -0.697039
      -0.868004
      -0.935688
      -0.964072
      -0.977197
      -0.979935
      -0.982576
       -0.98055
      -0.980809
      -0.982884
      -0.981328
      -0.981457
      -0.983143
      -0.977697
      -0.978475
      -0.982106
      -0.980679
      -0.978605
      -0.978734
      -0.980031
      -0.980031
      -0.980809
      -0.978734
      -0.981846
      -0.982495
      -0.983143
      -0.981457
       -0.98029
      -0.980939
      -0.981846
      -0.980679
      -0.981587
      -0.980809
      -0.978734
      -0.978734
       -0.98029
      -0.983013
      -0.977697
       -0.98042
      -0.979901
      -0.982884
      -0.979642
      -0.980031
      -0.982235
      -0.980679
      -0.980031
      -0.981068
      -0.981976
      -0.981328
      -0.982235
      -0.982365
      -0.982495
      -0.981457
       -0.98055
      -0.982106
      -0.981587
      -0.979123
       -0.97653
       -0.98042
      -0.979123
      -0.982624
      -0.983791
      -0.983662
      -0.983143
      -0.981198
      -0.981846
      -0.981846
      -0.982365
      -0.979642
      -0.977956
      -0.980809
      -0.983532
      -0.982884
      -0.980809
      -0.983273
      -0.980939
      -0.981717
      -0.981717
      -0.979253
      -0.982495
       -0.98029
      -0.980679
       -0.98029
      -0.983013
      -0.981068
      -0.982884
      -0.982235
      -0.981068
       -0.98055
      -0.981068
      -0.979383
      -0.982235
      -0.981717
      -0.978345
      -0.979512
      -0.979772
      -0.981587
       -0.98055
      -0.981717