       0.814923
       0.728572
       0.684792
        0.67404
       0.691901
       0.669694
       0.660866
       0.660674
       0.661111
       0.667408
       0.669382
       0.668018
       0.669041
       0.651597
       0.662567
       0.656947
       0.646146
       0.654373
       0.657144
       0.661289
       0.654383
       0.664026
       0.660448
       0.656366
       0.665775
        0.65018
       0.641348
       0.656924
       0.658984
       0.635013
       0.657821
       0.646934
       0.663171
       0.646967
       0.657869
       0.657442
       0.649811
       0.652668
        0.66017
       0.659431
       0.666433
       0.673665
       0.665751
       0.655973
       0.664075
       0.659277
       0.652534
       0.661644
       0.644604
        0.65859
        0.66103
        0.66005
       0.660996
        0.66832
       0.666615
       0.669209
        0.66747
       0.659296
       0.663959
       0.660146
         0.6671
       0.672609
       0.669838
       0.673983
        0.67307
       0.675029
       0.658988
       0.660958
        0.66248
       0.664997
       0.660017
         0.6653
       0.667316
        0.66808
       0.657587
       0.662673
       0.652846
       0.651957
       0.657567
        0.65857
       0.660112
       0.666452
       0.664545
       0.654513
       0.656121
       0.660223
       0.659493
       0.654503
       0.653206
       0.655175
       0.635791
       0.636685
       0.632621
       0.648216
       0.645449
       0.644974
        0.66274
       0.657903
       0.662682
       0.668416
       0.670025