      0.0204214
       0.036833
       0.129398
       0.253084
       0.382475
       0.503275
       0.570762
       0.618756
       0.632352
       0.656803
       0.671994
       0.677359
       0.671735
       0.673733
        0.67162
       0.668498
       0.673843
       0.648644
       0.646833
       0.662859
       0.666404
       0.658513
       0.654623
       0.661736
       0.666279
       0.675433
       0.664972
       0.648687
       0.650607
       0.656467
       0.653677
       0.659973
       0.659647
       0.649134
       0.658911
       0.660689
       0.661034
       0.651587
       0.665237
       0.656755
        0.66516
       0.666312
       0.659478
        0.65261
       0.653494
       0.644643
        0.64204
       0.663911
       0.672354
       0.638903
       0.656837
       0.658748
       0.666726
       0.677248
       0.656751
       0.663604
       0.655146
       0.659896
       0.655588
       0.669564
       0.678099
       0.675688
       0.674319
       0.671701
       0.666534
       0.670453
       0.661193
       0.663162
       0.671999
       0.685864
       0.676187
       0.679002
       0.683089
       0.679549
       0.667475
       0.656006
       0.654825
       0.643308
       0.641771
       0.648841
       0.662293
       0.665486
       0.659416
       0.665357
       0.666904
       0.657307
       0.644432
       0.647256
        0.65458
       0.656621
       0.648999
        0.64336
       0.645742
        0.64264
       0.655146
        0.66576
       0.656222
       0.646967
       0.665842
       0.652601
       0.641607