       0.819831
       0.552289
       0.419399
        0.32673
       0.272526
       0.232543
       0.184874
       0.158445
       0.135434
        0.10742
      0.0873292
      0.0578827
      0.0488731
      0.0389267
      0.0312464
      0.0366598
      0.0474277
     0.00996086
    -0.00461546
     -0.0187883
     -0.0417839
     -0.0160462
     -0.0480134
    -0.00525926
     -0.0403195
     -0.0350077
      0.0027185
    -0.00362164
     -0.0373997
     -0.0307331
     -0.0113927
     -0.0125597
     -0.0338216
     -0.0208775
      -0.024782
     -0.0239034
     -0.0311512
      0.0160027
     0.00896251
     -0.0113727
     -0.0374287
     -0.0563947
     -0.0290946
     -0.0182696
     -0.0229286
      0.0060808
     -0.0534649
     -0.0527876
     -0.0709321
     -0.0314776
     -0.0626424
     -0.0445596
     -0.0346522
     -0.0234572
     -0.0266844
     -0.0040587
     0.00499449
    -0.00730494
     -0.0187021
     0.00704469
      0.0396612
      0.0211232
    -0.00845291
     -0.0284708
    0.000629298
      0.0259354
     0.00421739
     -0.0298781
     -0.0342006
     -0.0348009
     -0.0273717
      0.0073675
    -0.00557663
     -0.0125252
     0.00845835
     0.00954738
    -0.00986928
      0.0017147
      0.0129677
      0.0549919
      0.0758549
      0.0519089
     0.00761686
      0.0241092
      0.0464193
      0.0358818
    -0.00213726
    -0.00942768
     -0.0150515
     0.00079705
     -0.0277889
     -0.0353105
     -0.0211903
     -0.0462271
     -0.0163581
     -0.0238127
      -0.039157
     -0.0320534
      0.0573795
      0.0419136
      0.0050235