        0.81963
       0.905666
       0.948458
       0.970085
       0.979075
       0.981846
       0.980809
       0.982235
       0.983662
       0.983402
       0.980939
       0.977438
       0.979772
        0.98042
       0.981976
       0.982624
       0.981976
       0.981328
        0.98055
        0.98042
       0.981587
       0.980809
       0.981587
       0.982106
       0.979772
        0.98042
       0.980161
       0.978864
       0.980031
        0.98029
       0.979642
       0.978734
       0.978734
       0.978475
       0.981587
       0.978994
       0.981976
       0.981717
       0.979901
       0.978864
       0.977827
       0.980161
       0.981587
       0.981587
       0.980161
        0.98029
       0.979772
        0.98055
       0.980679
       0.980809
       0.981198
       0.982495
       0.981717
       0.982235
        0.98029
       0.982365
       0.982106
       0.978345
       0.978345
       0.978086
       0.983402
       0.982884
       0.982624
       0.979901
       0.981976
       0.980679
       0.981587
       0.983143
       0.978345
       0.979123
        0.98029
       0.979123
       0.979512
       0.979253
       0.981846
       0.981328
       0.981846
       0.982106
       0.983273
       0.981457
        0.98055
        0.98029
       0.981457
       0.981846
       0.981717
       0.981976
       0.981198
       0.978605
       0.978994
       0.978475
        0.98029
       0.981068
       0.981717
       0.981328
       0.981068
       0.980939
        0.98444
       0.981717
       0.983532
       0.980939
       0.981717