1111111111111111111111111111111111111111000000011001111011001110000000000000111111111111111111100000
1111111111111111111111111111111111111100000000000111111100111100000000000011111111111111111111111000
1111111111111111111111111111111111110000000000000000000001110000000000000111111111111111111111111000
1111111111111111111111111111111111110001110000000010000100100000000000011111111111111111111111111100
1111111111111111111111111111111111000001100000000000000001101000000000111111111111111111111111111110
1111111111111111111111111111111110000010000000000000000011000000000001111111111111111111111111111111
1111111111111111111111111111111100000000000000000000000110000000000011111111111111111111111111111111
1111111111111111111111111111111000000000000000000000101100000000000011111111111111111111111111111111
1111111111111111111111111111110011100000000000000000101100000000010111111111111111111111111111111111
1111111111111111111111111111100000110000000000000001011010000000011111111111111111111111111111111111
1111111111111111111111111111000000011110000001100011111000000000011111111111111111111111111111111111
1111111111111111111111111110000000011111110001111010110100000000011111111111111110000011111111111111
1111111111111111111111100000001111000000111111000001100000000000111111111111110001011001011111111111
1111111111111111111110000000000000011000000011100001000000001100111111111111110001100110001111111111
1111111111111111110000000000000000000000000000110011000000000111111111111111000001000010110111111111
1111111111111111100000000000000000000000000000011010000000000011111111111111011000000001111111111111
1111111111111110000000000000000000000010000000001000000000000011111111111111000100000000011111111111
1111111111111100000000000000010000000000000000010000100000000011111111111110011000010000111011111111
1111111111110000000000000000000000000000000000011000100000000111111111111110011000111000111011111111
1111111111110000000000000000000000000000000000001110111000000111111111111110100000111000011011111111
1111111111100000001101101100000000000010000000001111111001100111111111111110100000000000111011111111
1111111111100000110111111111011100000010000000011101111110011111111111111111111000000001111111111111
1111111111100000110111111111111111111010000000011101111111111111111111111111011010000001111111111111
1111111111100011111111111111111111111111000101101110000111111111111111111111101111100111100111111111
1111111111101111111111111111111111111111111111111111111111111111111111111111110111111111001111111111
1111111111000111111111111111111111111111111111111001111001111111111111111111111011111111111111111111
1111111111001111111111111111111111111111111111111100000110111111111111111111111111111111111111111111
1111111111000111111111111111111111111111111111111000000001111111111111111111111111111111111111111000
1111111111000111111111111111111111111111111111111000000000100111111111111111111111111111111111000000
1111111111001111111111111000011111111111111111110000000000011011111111111111111111111111111000000000
1111111111001111111111100010001111111111111111110000000000001000111111111111111111111110000000000000
1111111111001111111111000101100001111111111111110000000000000100011111111111111111110000000000000000
1111111111001111111110100001100100111111111111110000000000000011001110000000000000000000000000000000
1111111111101111111110000000011011111111111111110000000000000010001111110000000000000000000000000011
1111111111100111111101100000000111011111111111110000000000000011000000000000000000000000000000001111
1111111111100111111001100000000111011111111111100000000000000011100100000000000000000001101101100111
1111111111110111111010000111000011011111111111100000000000000010011011111000000001100110011110111111
1111111111110111111011100111000111011111111111000000000001100111100111111111111111111111111111111111
1111111111110011111011100010000111011111111111100000000000000111100111111111111111111111111111111111
1111111111110011111101010000001111011111111110100000000000000010011011111111111111111111111111111111
1111111111110011111111110000011111111111111101100000000000000000011110001111111111111111111111111111
1111111111110101111110111101111110111111111011000011000000000001101100000011111111111111111111111111
1111111111110011111111011111111101111111110000010110000000000000100000000000011111111111111111111111
1111111111100001111111101111111011111111100000000100000000000000010000000000001111111111111111111111
1111111111100000111111111111111111111111000000010000000000000001100000000000001111111111111111111111
1111111111100000111111111111111111111100000000010000000000000001100000000000001111111111111111111111
1111111111100001011111111111111111110000000000110000000000000001110000000000001111111111111111111111
1111111111000000111111111111111110000000000000011000000000000001110000000000011111111111111111111111
1111111111000000111111111111110000000000000010011000000000000001110110011111011111111111111111111111
1111111111000011111111000000000000000000000101110000000000000001111001111111101111111111110111111111
1111111110000000000000000000010000000000001111111000000000000001111111111111111111111110111111111111
1111111110000001111100000000000000000000011111101000000000000011100111111111111111111110111111111000
1111111110000111111110000000000000000000111100000010000000000111111111111111111111111111111111111111
1111111110001111001101000000000000000001111100000010000000001110011111111111111111111011111110111111
1111111110001100110110001110000000000011111000000000110011111111101111111111111111111111111111111111
1111111110000110110110011100000000000111111100000000111011110111101111111111111111101111111111111111
1111111110000000011000011010000000011111111100000010000110011010011111111111111110111111111101111011
1111111110000000000000001100000000100111111110000001110001100111101111111111101111111010111101111111
1111111110000000011100000000000000111111111110001111111100100111101111111111101111111111111110111111
1111111111000001111100000000000001111111111101101111111111011010011111111111010011100111111111111011
1111111111000011110110000000000111111111111111011111111111100111111111111111001111111111111111101101
1111111111100011110110000000000111111111011111011111111111111111100111111110111101110110011111000110
1111111111110011011000000000011111111111111111111111111111111110010111111011111111111101101111000111
1111111111111000001000000010011111111111111111111111111111111110010111001101100111111101101001011111
1111111111111100000000001101111111111111111111111111111111111111100111111110110011111110010100011111
1111111111111110000001101101101111111111111111111111111111101100000111110000110011111110000000011111
1111111111111111000000010010011111111111111111111111111111111111111111100111111001111111110011111111
1111111111111111100000101101111111111111111111111110000001111111100001001001111000011110110010111111
1111111111111111110000001101111111111111111011100011111111110110001101000001110100000010100010111111
1111111111111111110000000010011111111111000111100111110000111000100111000110010110000111000001111111
1111111111111111110000000001111111111100111110111111100001111000011010000001111110011011101111111000
1111111111111111111000000001110111111110000110000111000001111000011011100001100011011111100001100000
1111111111111111111100000000011111111100101100001001000010011000000111100010011111011100000000000000
1111111111111111111100000000011111110100101100001001000110011000100111010000111101110000000000000000
1111111111111111111110000000011111110100100100000111000001111000011001011011100000000000000000000000
1111111111111111111100000000001111110110100100000111000001101100001000011011000000000000000000000111
1111111111111111111100111100001111110111000000001001000010010110000010111000000000000000001111111111
1111111111111111111111101110000111110111110010000111000000001111111111110000000000000001111111111111
1111111111111111111111111111000111111011111100000111100000011100011100000000000000001111111111111111
1111111111111111111111110011000001111111111100000000101001100100010000000000000011111111111111111111
1111111111111111111111111101100010111111111000000011100000011101000000000000011111111111111111111111
1111111111111111111111111101101010110101111000000011100000001110000000000001111111111111111111111111
1111111111111111111111111110100001011101111000000001000000001100000000001111111111111111111111111111
1111111111111111111111111111100000011110111000000001000000100100000000111100111111111111111111111111
1111111111111111111111111111001000100111111000000011000000000000000011111111111111111111111111111111
1111111111111111111111111111111000010111011100000010000000000000011111111111111111111111111111111111
1111111111111111111111111111111010001011101111010000010000000000111111111111111111111111111111111111
1111111111111111111111111111111100000111100001011111100000000011111111111111111111111111111111111111
1111111111111111111111111111111110000001111000011111100000011111111111111111111111111111111111111111
1111111111111111111111111111111111000001111100000000000110111111111111111111111111111111111111111111
1111111111111111111111111111111111100000011110000000000000111111111111111111111111111111111111111111
1111111111111111111111111111111111110000001111010000000011111111111111111111111111111111111111111011
1111111111111111111111111111111111111100000011110000111111111111111111111111111111111111111111111111
1111111111111111111111111111111111111111000001100111111111111111111111111111111111111111111111011111
1111111111111111111111111111111111111111100000011111111111111111111111111111111111111111111111111111
1111111111111111111111111111111111111111111000000001111101111111111111111111111111111111101011111111
1111111111111111111111111111111111111111111111000000010111111111111111111111111111111110111111111111
1111111111111111111111111111111111111111111111110000011001111111111111111111111111110011111111111111
1111111111111111111111111111111111111111111111111100000000011010011001111001101110001111111111111111
1111111111111111111111111111111111111111111111111111110000000010011001101001100011111111111111111111