0000000000000000000000000000000000000000000000000000000000000000000000000000000000000000000000000000
0000000000000000000000000000000000000000000000000000000000000000000000000000000000000000000000000000
0000000000000000000000000000000000000000000000000000000000000000000000000000000000000000000000000000
0000000000000000000000000000000000000000000000000000000000000000000000000000000000000000000000000000
0000000000000000000000000000000000000000000000000000000000000000000000000000000000000000000000000000
0000000000000000000000000000011000000000000000000000000000000000000000000001000000000000000000000000
0000000000000000000000000000011100000000000000000000000000000000000000000011100000000000000000000000
0000000000000000000000000000010010000000000000000000000000000000000000000110010000000000000000000000
0000000000000000000000000000010011000000000000000000000000000000000000001100011000000000000000000000
0000000000000000000000000000010001100000000000000000000000000000000000111000001100000000000000000000
0000000000000000000000000000010000110000000000000000000000000000000011100000000100000000000000000000
0000000000000000000000000000110000010000000000000000000000000000001110000000000010000000000000000000
0000000000000000000000000000100000011000000000011111111111100000011000000000000011000000000000000000
0000000000000000000000000001100000001000000011110000000001111100110000000000000001000000000000000000
0000000000000000000000000001000000001100001110000000000000001111100000000000000001000000000000000000
0000000000000000000000000011000000000100110000000000000000000011000000000000000001100000000000000000
0000000000000000000000000110000000000111100000000000000000000010000000000000000000100000000000000000
0000000000000000000000000100000000000110000000000000000000000010000000000000000000100000000000000000
0000000000000000000000001000000000011100000000000000000000000010000000000000000000100000000000000000
0000000000000000000000011000000000110000000000000000000000000010000000000000000000100000000000000000
0000000000000000000000010000000001100000000000000000000000000010000000000000000000100000000000000000
0000000001111000000000110000000011000000000000000000000000000010000000000000000001100000000000000000
0000000011000110000000100000000011000110000000000000000000000110000000000000000001100000000000000000
0000000010000011000000100000000110000101100000000000000001111011000000000000000001000000000000000000
0000000010000001100001100000001100000000011110000000011110000001000000000000000011000000000000000000
0000000110000000100001100000001000001000000010111111000000000000100000000000000110000000000000000000
0000000110000000110001100000011000001000000010000000000001111000110000000000001100000000000000000000
0000000110000000011000100000010000001000000000000000000111111110011100000001110000000000000000000000
0000000110000000001000110000100000010000000100000000011111111111100111111111000000000000000000000000
0000000010000000000100010000100000100000000100000000011111111111110000111000000000000000000000000000
0000000010000000000110001001100001100000000100000000111111111111110000010000000000000000000000000000
0000000010000000000010000111000010100000000100000001111111111111111000010000000000000000000000000000
0000000011000000000001000011111000000000000100000001111111111111111000110000000000000000000000000000
0000000001000000000001100001000111010000000100000001111111111111111100110000000000000000000000000000
0000000001100000000000110011001111100000000000000001111111111111111100110000000000000000000000000000
0000000000110000000000010011011111111000000000000011111110000011111100110000000000000000000000000000
0000000000010000000000001011011111111000000010000001111100000001111101100000000000000000000000000000
0000000000011000000000001111111111111100000000000001111100000001111101100000000000000000000000000000
0000000000001100000000000111111111111100000001000001111100000000111111100000000000000000000000000000
0000000000000110000000000011111111111100000000100001111100000000111111000000000000000000000000000000
0000000000000011000000000001111111001100000000010000111100000000111011000000000000000000000000000000
0000000000000000110000000001111110000100000000001000111100000001110010000000000000000000000000000000
0000000000000000011000000001111110000100000001000010011110000001100100000011110000000000000000000000
0000000000000000000110000001111110000000000001100000101111100010001100111111111110000000000000000000
0000000000000000000001110000111110000000000011110000000111110000011111100000000011100000000000000000
0000000000000000000000011111111110000000111111000000000000000000011100000000000000110000000000000000
0000000000000000000000000000011110000100011110001000000000000000110000000000000000011000000000000000
0000000000000000000000000000001110000100001110001000000000000011000000000000000000001100000000000000
0000000000000000000000000000001111001000001110001000000000000111000000000000000000000100000000000000
0000000000000000000000000000000111111000000111000000000000001101111111000000000000000110000000000000
0000000000000000000000000000000011110000000000100000000000111000110011111000000000000010000000000000
0000000000000000000000000000000001110000000000000000000011100000011000001111000000000011000000000000
0000000000000000000000000000000000011100000000000000001110000000001000000001100000000011000000000000
0000000000000000000000000000000000000111100000000011111100000000111100000000011000000011000000000000
0000000000000000000000000000000000000000111111111111000110001111111110000000001110000011000000000000
0000000000000000000000000000000000000000000000000000000011111111111111000000000011110110000000000000
0000000000000000000000000000000000000000000000000000000011111111111111000000000000011100000000000000
0000000000000000000000000000000000000000000000000000000111111111111111100000000000000000000000000000
0000000000000000000000000000000000000000000000000000001100011111111111110000000000000000000000000000
0000000000000000000000000000000000000000000000000000011000000111111110011000000000000000000000000000
0000000000000000000000000000000000000000000000000000110000000011100000001000000000000000000000000000
0000000000000000000000000000000000000000000000000000100000000001000000001100000000000000000000000000
0000000000000000000000000000000000000000000000000000100001111111100000000110000000000000000000000000
0000000000000000000000000000000000000000000000000000100111011111111100000011000000000000000000000000
0000000000000000000000000000000000000000000000000000101100001111111111111111000000000000000000000000
0000000000000000000000000000000000000000000000000000111000001111110011000011100000000000000000000000
0000000000000000000000000000000000000000000000000000110000011111111001000000110000000000000000000000
0000000000000000000000000000000000000000000000000000110000011111111001100000010000000000000000000000
0000000000000000000000000000000000000000000000000000110000011111111000100000011000000000000000000000
0000000000000000000000000000000000000000000000000000010000011111111000100000001000000000000000000000
0000000000000000000000000000000000000000000000000000011100111111111000010000000100000000000000000000
0000000000000000000000000000000000000000000000000000001111111111111000010000000110000000000000000000
0000000000000000000000000000000000000000000000000000001111111111111000011000000010000000000000000000
0000000000000000000000000000000000000000000000000000000111111111110000001000000011000000000000000000
0000000000000000000000000000000000000000000000000000000011111111110000001000000001000000000000000000
0000000000000000000000000000000000000000000000000000000000111111100000001100000001100000000000000000
0000000000000000000000000000000000000000000000000000000000001110000000000100000000100000000000000000
0000000000000000000000000000000000000000000000000000000000000000000000000100000000110000000000000000
0000000000000000000000000000000000000000000000000000000000000000000000000100000000010000000000000000
0000000000000000000000000000000000000000000000000000000000000000000000000110000000011000000000000000
0000000000000000000000000000000000000000000000000000000000000000000000000010000000001000000000000000
0000000000000000000000000000000000000000000000000000000000000000000000000010000000001100000000000000
0000000000000000000000000000000000000000000000000000000000000000000000000010000000001100000000000000
0000000000000000000000000000000000000000000000000000000000000000000000000011000000011100000000000000
0000000000000000000000000000000000000000000000000000000000000000000000000011000000110110000000000000
0000000000000000000000000000000000000000000000000000000000000000000000000001000011100110000000000000
0000000000000000000000000000000000000000000000000000000000000000000000000001111110000110000000000000
0000000000000000000000000000000000000000000000000000000000000000000000000001111000000110000000000000
0000000000000000000000000000000000000000000000000000000000000000000000000000111100000110000000000000
0000000000000000000000000000000000000000000000000000000000000000000000000000111100000110000000000000
0000000000000000000000000000000000000000000000000000000000000000000000000000111111000110000000000000
0000000000000000000000000000000000000000000000000000000000000000000000000000011111111110000000000000
0000000000000000000000000000000000000000000000000000000000000000000000000000011111111110000000000000
0000000000000000000000000000000000000000000000000000000000000000000000000000001111111110000000000000
0000000000000000000000000000000000000000000000000000000000000000000000000000001111111100000000000000
0000000000000000000000000000000000000000000000000000000000000000000000000000000111111100000000000000
0000000000000000000000000000000000000000000000000000000000000000000000000000000001111000000000000000
0000000000000000000000000000000000000000000000000000000000000000000000000000000000000000000000000000
0000000000000000000000000000000000000000000000000000000000000000000000000000000000000000000000000000
0000000000000000000000000000000000000000000000000000000000000000000000000000000000000000000000000000