0000000000000000000000000000000000000000000000111111111000000000000000000000000000000000000000000000
0000000000000000000000000000000000000000000000111111111000000000000000000000000000000000000000000000
0000000000000000000000000000000000000000000000111111111000000000000000000000000000000000000000000000
0000000000000000000000000000000000000000000000111111111000000000000000000000000000000000000000000000
0000000000000000000000000000000000000000000000111111111000000000000000000000000000000000000000000000
0000000000000000000000000000000000000000000000111111111000000000000000000000000000000000000000000000
0000000000000000000000000000000000000000000000111111111000000000000000000000000000000000000000000000
0000000000000000000000000000000000000000000000111111111000000000000000000000000000000000000000000000
0000000000000000000000000000000000000000000000111111111000000000000000000000000000000000000000000000
0000000000000000000000000000000000000000000000111111111000000000000000000000000000000000000000000000
0000000000000000000000000000000000000000000000111111111000000000000000000000000000000000000000000000
0000000000000000000000000000000000000000000000111111111000000000000000000000000000000000000000000000
0000000000000000000000000000000000000000000000111111111000000000000000000000000000000000000000000000
0000000000000000000000000000000000000000000000111111111000000000000000000000000000000000000000000000
0000000000000000000000000000000000000000000000111111111000000000000000000000000000000000000000000000
0000000000000000000000000000000000000000000000111111111000000000000000000000000000000000000000000000
0000000000000000000000000000000000000000000000111111111000000000000000000000000000000000000000000000
0000000000000000000000000000000000000000000000111111111000000000000000000000000000000000000000000000
0000000000000000000000000000000000000000000000111111111000000000000000000000000000000000000000000000
0000000000000000000000000000000000000000000000111111111000000000000000000000000000000000000000000000
0000000000000000000000000000000000000000000000111111111000000000000000000000000000000000000000000000
0000000000000000000000000000000000000000000000111111111000000000000000000000000000000000000000000000
0000000000000000000000000000000000000000000011111111111110000000000000000000000000000000000000000000
0000000000000000000000000000000000000000011111111111111111111000000000000000000000000000000000000000
0000000000000000000000000000000000000011111111111111111111111110000000000000000000000000000000000000
0000000000000000000000000000000000001111111111111111111111111111100000000000000000000000000000000000
0000000000000000000000000000000000111111111110000000000011111111111000000000000000000000000000000000
0000000000000000000000000000000001111111110000000000000000001111111100000000000000000000000000000000
0000000000000000000000000000000011111110000000000000000000000011111111000000000000000000000000000000
0000000000000000000000000000000111111000000000000000000000000000111111100000000000000000000000000000
0000000000000000000000000000011111110000000000011111110000000000011111110000000000000000000000000000
0000000000000000000000000000011111100000000111111111111111000000000111111000000000000000000000000000
0000000000000000000000000000111110000000011111111111111111110000000011111100000000000000000000000000
0000000000000000000000000001111100000001111111111111111111111100000001111100000000000000000000000000
0000000000000000000000000011111000000011111110000000000001111111000000111110000000000000000000000000
0000000000000000000000000111110000001111110000000000000000011111100000011111000000000000000000000000
0000000000000000000000000111110000011111100000000000000000000111110000001111100000000000000000000000
0000000000000000000000001111100000111110000000000000000000000011111000001111100000000000000000000000
0000000000000000000000001111000000111100000000000000000000000001111100000111110000000000000000000000
0000000000000000000000011111000001111000000000000000000000000000111100000111110000000000000000000000
0000000000000000000000011110000011110000000000000000000000000000011110000011111000000000000000000000
0000000000000000000000111110000011110000000000000000000000000000001111000011111000000000000000000000
0000000000000000000000111100000111100000000000111111111000000000001111000001111000000000000000000000
0000000000000000000000111100000111000000000001111111111110000000000111100001111100000000000000000000
0000000000000000000001111100001111000000000011111111111111000000000111100000111100000000000000000000
0000000000000000000001111100001110000000000111111111111111100000000011100000111100000000000000000000
0000000000000000000001111000001110000000001111111111111111100000000011110000111100000000000000000000
0000000000000000000001111000011110000000011111111111111111110000000011110000111100000000000000000000
0000000000000000000001111000011110000000011111111111111111110000000001110000111100000000000000000000
0000000000000000000001111000011100000000011111111111111111111000000001110000111110000000000000000000
0000000000000000000001111000011100000000011111111111111111111000000001110000011110000000000000000000
0000000000000000000001111000011100000000111111111111111111111000000001110000011110000000000000000000
0000000000000000000001111000011100000000111111111111111111111000000001110000011110000000000000000000
0000000000000000000001111000011100000000011111111111111111111000000001110000011110000000000000000000
0000000000000000000001111000011110000000011111111111111111111000000001110000111110000000000000000000
0000000000000000000001111000011110000000011111111111111111110000000001110000111100000000000000000000
0000000000000000000001111000001110000000001111111111111111110000000011110000111100000000000000000000
0000000000000000000001111000001110000000001111111111111111100000000011100000111100000000000000000000
0000000000000000000001111100001111000000000111111111111111000000000011100000111100000000000000000000
0000000000000000000000111100001111000000000011111111111110000000000111100001111100000000000000000000
0000000000000000000000111100000111100000000001111111111100000000000111000001111000000000000000000000
0000000000000000000000111110000111100000000000011111110000000000001111000001111000000000000000000000
0000000000000000000000011110000011110000000000000000000000000000001110000011111000000000000000000000
0000000000000000000000011111000011111000000000000000000000000000011110000011110000000000000000000000
0000000000000000000000011111000001111000000000000000000000000000111100000111110000000000000000000000
0000000000000000000000001111100000111100000000000000000000000001111000000111100000000000000000000000
0000000000000000000000001111100000011111000000000000000000000011111000001111100000000000000000000000
0000000000000000000000000111110000001111100000000000000000001111110000011111000000000000000000000000
0000000000000000000000000011111000000111111000000000000000111111000000111111000000000000000000000000
0000000000000000000000000011111100000011111111000000000111111110000000111110000000000000000000000000
0000000000000000000000000001111110000000111111111111111111111000000001111100000000000000000000000000
0000000000000000000000000011111111000000001111111111111111110000000111111110000000000000000000000000
0000000000000000000000000011111111100000000011111111111110000000001111111111000000000000000000000000
0000000000000000000000000111111111111000000000000000000000000000011111111111100000000000000000000000
0000000000000000000000001111111111111100000000000000000000000001111111111111100000000000000000000000
0000000000000000000000011111111111111111000000000000000000000111111111111111110000000000000000000000
0000000000000000000000111111111111111111111000000000000000111111111111111111111000000000000000000000
0000000000000000000001111111111111111111111111110000011111111111111111111111111100000000000000000000
0000000000000000000001111111111111110111111111111111111111111111011111111111111110000000000000000000
0000000000000000000011111111111111100001111111111111111111111100001111111111111111000000000000000000
0000000000000000000111111111111111000000001111111111111111100000000111111111111111000000000000000000
0000000000000000001111111111111110000000000111111111111111000000000011111111111111100000000000000000
0000000000000000001111111111111110000000000111111111111111000000000001111111111111100000000000000000
0000000000000000000111111111111100000000000111111111111111000000000000111111111111000000000000000000
0000000000000000000011111111111000000000000111111111111111000000000000111111111110000000000000000000
0000000000000000000000111111110000000000000111111111111111000000000000011111111100000000000000000000
0000000000000000000000011111100000000000000111111111111111000000000000001111111000000000000000000000
0000000000000000000000001111000000000000000111111111111111000000000000000111100000000000000000000000
0000000000000000000000000111000000000000000111111111111111000000000000000011000000000000000000000000
0000000000000000000000000000000000000000000111111111111111000000000000000000000000000000000000000000
0000000000000000000000000000000000000000000111111111111111000000000000000000000000000000000000000000
0000000000000000000000000000000000000000000111111111111111000000000000000000000000000000000000000000
0000000000000000000000000000000000000000000111111111111111000000000000000000000000000000000000000000
0000000000000000000000000000000000000000000111111111111111000000000000000000000000000000000000000000
0000000000000000000000000000000000000000000111111111111111000000000000000000000000000000000000000000
0000000000000000000000000000000000000000000111111111111111000000000000000000000000000000000000000000
0000000000000000000000000000000000000000000111111111111111000000000000000000000000000000000000000000
0000000000000000000000000000000000000000000111111111111111000000000000000000000000000000000000000000
0000000000000000000000000000000000000000000111111111111111000000000000000000000000000000000000000000
0000000000000000000000000000000000000000000111111111111111000000000000000000000000000000000000000000