       0.819975
       0.273628
       0.099245
      0.0318476
      0.0189959
    -0.00827518
     -0.0158594
    -0.00747269
    -0.00644985
       0.019053
     -0.0136496
     -0.0106292
     -0.0417703
      -0.029071
     -0.0120455
     -0.0102492
      0.0097251
     0.00249271
    -0.00299234
      0.0149118
    -0.00819357
    -0.00652783
    -0.00479318
    -0.00976863
     -0.0160797
      0.0182215
    -0.00358265
      0.0136306
      0.0108159
      0.0229231
      0.0343203
      0.0293549
      0.0318711
      0.0149082
      0.0193414
     0.00886095
      0.0150179
      0.0337781
      0.0207387
      0.0196869
     -0.0165748
     -0.0107008
     0.00403422
    -0.00305944
      0.0319582
     0.00947121
     -0.0180529
     -0.0109166
     -0.0358573
     -0.0134474
     -0.0253678
     -0.0165222
     -0.0326591
     -0.0310405
     -0.0170364
     -0.0017682
     -0.0160897
     -0.0356895
     -0.0260216
      -0.016204
    -0.00890901
      0.0106146
      0.0137929
    -0.00035092
     -0.0276256
     -0.0189333
      0.0219103
     -0.0215312
     0.00921187
    -0.00936512
   -0.000681891
      0.0261277
     0.00835679
     -0.0076758
    -0.00212365
      -0.011603
    0.000365428
    0.000437063
      0.0187502
     -0.0161459
    -0.00725234
      0.0183757
     0.00787257
    -0.00265139
    -0.00440871
    -0.00278106
      0.0076078
     -0.0176167
     0.00124862
      0.0210026
     0.00868323
     -0.0223809
      0.0200233
     -0.0137122
     0.00256978
      0.0153253
      0.0219338
    -0.00605722
    -0.00774653
     0.00244012
     -0.0161468