      0.0063492
     -0.0110753
     0.00592665
    -0.00551316
    0.000782542
      0.0224099
    -0.00087866
    -0.00479409
     -0.0148456
     -0.0202581
     -0.0214877
      -0.037621
     -0.0127564
     -0.0237456
     -0.0239034
     -0.0206907
     -0.0257332
     -0.0243794
     -0.0048222
      0.0178144
    -0.00902417
      0.0164642
     -0.0115223
       0.009658
     -0.0120065
     -0.0313806
     0.00780003
     0.00734846
      0.0123765
     -0.0226593
      -0.035743
      0.0211567
     -0.0102728
      0.0256035
      0.0121462
    -0.00656048
      0.0197395
    -0.00306397
     0.00988379
      0.0449449
      0.0317995
     -0.0216899
     -0.0430761
    0.000628391
    -0.00702656
      0.0162484
      0.0262283
      0.0554725
    -0.00662758
     -0.0140622
     -0.0176893
     -0.0379755
     0.00905319
    -0.00746815
    0.000528647
     -0.0107733
    -0.00079705
     0.00316463
     -0.0101631
      -0.024043
    -0.00467802
      -0.019336
       0.011613
       0.026727
      0.0322266
    -0.00131119
    -0.00397709
      0.0257858
   -0.000480588
      0.0308537
      0.0118723
      0.0142308
     0.00306397
      0.0282069
       0.022924
    -0.00127764
     -0.0152301
     -0.0107253
     -0.0186921
     -0.0129287
      0.0129051
     -0.0138563
     -0.0182796
    -0.00594569
      -0.014764
     -0.0285914
      0.0162529
      0.0170509
      0.0198936
      0.0129142
     -0.0170699
     -0.0160471
     -0.0220354
     -0.0108486
      0.0067237
     -0.0200659
     -0.0047687
     -0.0165123
     0.00264142
      0.0045674
      0.0038039