     0.00618145
       0.140391
       0.392277
       0.602646
       0.723588
       0.777488
       0.824232
       0.833563
       0.838635
       0.841017
       0.842328
       0.846819
       0.840157
       0.846511
       0.839835
       0.837631
       0.847937
       0.852442
       0.842247
       0.836853
       0.829217
       0.833933
       0.839427
        0.83706
        0.83912
        0.84484
       0.839346
        0.83147
        0.84228
       0.846689
       0.840902
        0.84471
       0.846785
       0.848019
       0.842054
       0.848956
       0.845796
       0.851371
       0.844643
        0.84544
       0.843202
         0.8486
       0.844436
       0.844518
       0.844566
       0.836738
       0.837987
       0.841877
       0.844547
        0.84095
       0.834486
        0.83753
       0.839379
       0.847256
        0.84933
        0.84497
       0.831033
       0.829477
       0.836186
       0.846089
       0.840417
       0.840662
       0.835604
       0.844336
       0.842568
       0.839797
        0.84325
       0.844432
       0.847707
       0.843006
       0.842199
       0.843414
       0.838035
       0.842669
       0.849023
       0.848149
       0.841632
       0.841324
       0.836949
       0.836445
       0.836479
       0.831503
       0.848019
       0.846737
       0.840532
       0.840009
       0.838568
       0.842069
       0.848841
        0.84145
       0.836815
       0.843039
       0.845748
       0.839475
       0.851516
       0.847025
       0.838616
       0.835734
       0.843366
       0.841646
       0.831033